0,358
0,353
0,352
0,349
0,347
4294967294,131
4294967294,130
4294967294,129
4294967294,128
4294967294,127
4294967294,126
4294967294,125
4294967294,124
4294967294,123
4294967294,122
4294967294,121
4294967294,120
4294967294,119
4294967294,118
4294967294,117
4294967294,116
4294967294,115
4294967294,114
4294967294,113
4294967294,112
4294967294,111
4294967294,110
4294967294,109
4294967294,108
4294967294,107
4294967294,106
4294967294,105
4294967294,104
4294967294,103
4294967294,102
4294967294,101
4294967294,100
4294967294,99
4294967294,98
4294967294,97
4294967294,96
4294967294,95
4294967294,94
4294967294,93
4294967294,92
4294967294,91
4294967294,90
4294967294,89
4294967294,88
4294967294,87
4294967294,86
4294967294,85
4294967294,84
4294967294,83
4294967294,82
4294967294,81
4294967294,80
4294967294,79
4294967294,78
4294967294,77
4294967294,76
4294967294,75
4294967294,74
4294967294,73
4294967294,72
4294967294,71
4294967294,70
4294967294,69
4294967294,68
4294967294,67
4294967294,66
4294967294,65
4294967294,64
4294967294,63
4294967294,62
4294967294,61
4294967294,60
4294967294,59
4294967294,58
4294967294,57
4294967294,56
4294967294,55
4294967294,54
4294967294,53
4294967294,52
4294967294,51
4294967294,50
4294967294,49
4294967294,48
4294967294,47
4294967294,46
4294967294,45
4294967294,44
4294967294,43
4294967294,42
4294967294,41
4294967294,40
4294967294,39
4294967294,38
4294967294,37
4294967294,36
4294967294,35
4294967294,34
4294967294,33
4294967294,32
4294967294,31
4294967294,30
4294967294,29
4294967294,28
4294967294,27
4294967294,26
4294967294,25
4294967294,24
4294967294,23
4294967294,22
4294967294,21
4294967294,20
4294967294,19
4294967294,18
4294967294,17
4294967294,16
4294967294,15
4294967294,14
4294967294,13
4294967294,12
4294967294,11
4294967294,10
4294967294,9
4294967294,8
4294967294,7
4294967294,6
4294967294,5
4294967294,4
4294967294,3
4294967294,2
4294967294,0
362,0
556,0
555,0
359,0
554,0
357,0
553,0
552,0
551,0
353,0
352,0
550,0
549,0
349,0
548,0
547,0
546,0
345,0
545,0
343,0
544,0
341,0
543,0
542,0
338,0
541,0
336,0
335,0
334,0
0,546
540,0
332,0
539,0
538,0
537,0
328,0
327,0
536,0
535,0
534,0
71,0
533,0
322,0
532,0
320,0
531,0
530,0
317,0
316,0
529,0
314,0
313,0
528,0
527,0
310,0
526,0
308,0
307,0
525,0
524,0
304,0
523,0
302,0
301,0
522,0
299,0
521,0
297,0
520,0
519,0
294,0
293,0
292,0
291,0
518,0
289,0
288,0
517,0
516,0
285,0
284,0
283,0
282,0
281,0
515,0
279,0
278,0
514,0
276,0
275,0
274,0
273,0
272,0
513,0
270,0
269,0
512,0
267,0
266,0
511,0
510,0
509,0
508,0
507,0
260,0
506,0
5,0
258,0
1,0
2,0
3,0
0,308
0,304
0,303
0,646
0,12
0,543
0,10
0,545
0,8
0,0
0,692
0,421
0,300
0,513
0,420
0,299
0,511
0,419
0,298
0,691
0,418
0,297
0,491
0,506
0,296
0,490
0,399
0,295
0,690
0,415
0,294
0,650
0,489
0,293
0,500
0,414
0,292
0,642
0,413
0,291
0,329
0,412
0,290
0,435
0,411
0,289
0,488
0,387
0,288
0,539
0,410
0,287
0,499
0,409
0,286
0,569
0,407
0,285
0,460
0,498
0,284
0,459
0,405
0,283
0,644
0,311
0,282
0,475
0,458
0,281
0,667
0,403
0,280
0,532
0,575
0,279
0,697
0,401
0,278
0,457
0,277
0,485
0,687
0,276
0,689
0,398
0,275
0,557
0,455
0,274
0,688
0,574
0,273
0,432
0,573
0,272
0,556
0,454
0,271
0,572
0,668
0,270
0,571
0,393
0,269
0,331
0,570
0,268
0,386
0,473
0,267
0,647
0,385
0,266
0,681
0,568
0,265
0,663
0,384
0,264
0,567
0,547
0,263
0,566
0,527
0,262
0,525
0,565
0,261
0,383
0,564
0,260
0,696
0,381
0,259
0,524
0,563
0,258
0,695
0,562
0,257
0,694
0,561
0,256
0,675
0,505
0,255
0,471
0,450
0,254
0,431
0,380
0,253
0,672
0,379
0,252
0,560
0,680
0,251
0,355
0,456
0,250
0,452
0,376
0,249
0,523
0,447
0,248
0,481
0,375
0,247
0,480
0,374
0,246
0,679
0,373
0,245
0,372
0,502
0,244
0,445
0,330
0,242
0,544
0,370
0,241
0,686
0,444
0,240
0,446
0,369
0,239
0,440
557,0
364,0
366,0
367,0
369,0
370,0
558,0
559,0
560,0
376,0
377,0
563,0
564,0
382,0
385,0
386,0
388,0
567,0
566,0
570,0
571,0
145,0
573,0
398,0
575,0
400,0
577,0
403,0
405,0
579,0
159,0
409,0
569,0
581,0
583,0
582,0
416,0
585,0
419,0
420,0
422,0
586,0
425,0
427,0
587,0
588,0
431,0
433,0
591,0
592,0
593,0
594,0
596,0
597,0
444,0
446,0
447,0
449,0
599,0
601,0
603,0
455,0
457,0
604,0
606,0
608,0
609,0
611,0
612,0
614,0
469,0
471,0
473,0
474,0
618,0
619,0
621,0
622,0
482,0
624,0
485,0
487,0
626,0
490,0
630,0
494,0
631,0
2,7
2,9
2,10
2,13
2,14
2,16
2,18
2,19
2,22
2,25
2,27
5,1
71,1
71,3
71,4
121,2
121,3
145,1
145,3
145,4
145,6
149,1
149,3
149,5
159,1
159,3
159,4
258,1
258,2
258,4
258,6
260,1
260,3
260,4
260,6
266,1
266,2
266,4
267,1
267,3
267,4
269,1
269,3
269,4
270,1
270,2
270,4
272,1
272,2
272,4
273,1
273,3
273,4
274,2
274,4
274,5
275,2
275,3
276,1
276,3
276,4
278,2
278,3
279,1
279,3
279,4
279,6
281,1
281,3
282,1
282,3
282,5
283,1
283,3
284,1
284,3
285,2
285,3
288,1
288,2
289,1
289,2
291,1
291,3
291,4
291,6
291,7
292,1
292,3
292,4
293,1
293,2
293,4
293,5
293,7
293,9
293,10
293,12
294,1
294,3
297,1
297,2
297,4
297,5
299,2
299,4
301,1
301,3
302,1
302,3
302,4
304,1
304,3
307,1
307,3
307,4
308,2
308,4
310,1
310,3
313,1
313,3
313,4
314,2
314,4
314,5
316,2
316,3
316,5
317,1
317,2
317,4
317,5
320,2
320,3
320,5
322,2
322,3
322,5
322,6
327,2
328,1
328,2
332,1
332,2
332,4
332,5
334,2
334,4
334,5
335,2
335,3
335,5
336,2
336,3
336,5
338,1
338,3
341,1
341,2
341,4
341,5
343,2
343,3
345,1
345,3
345,4
349,1
349,2
349,4
349,6
349,7
352,2
352,3
352,5
352,6
352,8
352,10
352,11
353,1
353,2
353,4
353,6
353,7
353,9
353,10
353,12
353,13
353,15
353,17
357,1
357,3
357,4
359,2
359,4
359,5
362,2
362,3
364,1
364,3
364,4
365,2
365,3
366,2
366,3
367,2
367,4
368,1
368,3
368,4
369,2
369,4
370,1
370,3
370,4
370,6
370,7
370,9
370,11
370,12
370,14
370,15
370,17
370,19
370,20
370,22
370,23
370,25
370,26
370,28
370,30
370,31
370,33
370,34
370,36
370,38
370,39
371,1
371,2
371,4
376,1
376,3
377,1
377,2
377,4
377,5
380,2
382,1
382,2
382,4
382,5
385,1
385,3
385,4
386,2
386,3
387,1
387,2
387,4
388,1
388,2
388,4
390,1
390,3
390,5
398,1
398,3
398,4
398,6
400,1
400,3
403,1
403,2
405,1
405,2
405,4
407,2
407,3
409,2
409,3
410,1
410,2
410,4
414,2
414,3
416,2
416,3
418,2
418,4
419,1
419,3
419,4
420,2
420,4
421,1
421,3
422,1
422,3
424,1
424,3
425,2
425,3
425,5
425,6
425,8
425,10
425,11
425,13
425,14
425,16
425,17
425,19
425,21
425,22
425,24
425,25
425,27
425,29
425,30
425,32
425,33
425,35
425,36
425,38
425,40
425,41
425,43
425,44
425,46
425,48
425,49
425,64
425,65
425,67
425,68
425,70
425,72
425,73
425,75
425,76
425,78
425,80
425,81
425,83
425,84
426,2
426,4
426,5
427,2
427,3
427,5
427,6
427,8
427,10
427,11
427,13
427,14
427,16
427,18
427,19
427,21
427,22
427,24
427,25
427,27
427,29
427,30
427,32
427,33
427,35
429,1
429,2
429,4
429,5
431,2
431,3
433,1
433,3
433,4
437,2
437,3
442,2
442,4
442,5
444,2
444,3
445,2
446,1
446,2
447,1
447,2
447,4
449,1
449,3
449,5
449,6
449,8
449,9
449,11
449,13
449,14
449,16
449,17
449,19
449,20
449,22
449,24
449,25
449,27
449,28
449,30
449,32
449,33
449,35
449,36
449,65
449,66
449,68
449,70
449,71
449,73
449,74
449,76
449,78
449,79
449,81
449,82
449,84
449,86
449,87
449,89
449,90
449,92
449,93
449,95
449,97
449,98
449,100
449,101
449,103
449,105
449,106
449,108
449,109
449,111
449,112
449,114
449,116
449,117
449,119
449,120
449,122
449,124
449,125
449,127
449,128
449,130
449,131
449,133
449,135
449,136
449,138
449,139
449,141
449,143
449,144
449,146
449,147
449,149
449,150
449,152
449,154
449,155
449,157
455,1
455,3
455,5
455,6
456,2
456,3
457,1
457,3
469,1
469,3
469,4
471,2
471,3
471,5
473,2
473,3
474,1
474,2
474,4
480,1
480,2
480,4
482,1
482,3
482,4
485,2
485,4
487,1
487,3
487,4
490,2
490,4
490,5
494,2
494,3
497,2
497,3
497,5
499,2
499,3
499,5
501,1
501,3
501,5
505,1
505,3
505,4
506,1
506,3
506,4
506,6
506,7
506,9
507,1
507,3
508,1
508,2
509,1
509,2
510,1
510,3
510,4
511,2
511,3
512,2
512,3
513,1
513,3
513,4
513,6
514,1
514,3
514,5
514,6
514,8
514,9
514,11
514,12
515,1
515,3
515,4
515,6
515,7
516,2
517,1
517,2
518,1
518,2
518,4
518,5
518,7
518,9
519,1
519,3
520,1
520,3
521,1
521,2
521,4
522,1
522,3
523,1
523,2
524,1
524,2
524,4
524,5
524,7
524,9
525,1
525,3
525,4
525,6
526,2
526,3
526,5
526,6
527,2
527,3
527,5
527,7
528,1
528,3
529,1
529,3
529,5
530,1
530,3
530,4
531,2
531,3
532,2
532,4
532,5
532,7
532,8
533,1
533,3
533,4
534,1
534,2
534,4
534,6
534,7
534,9
535,1
535,3
535,4
536,1
536,3
536,4
537,2
537,3
538,2
538,4
538,5
538,7
539,1
539,3
539,4
539,6
540,2
540,3
541,2
541,3
542,1
542,3
542,4
543,1
543,2
544,1
544,2
545,1
545,3
545,4
546,2
546,3
546,5
547,1
547,2
547,4
547,5
548,1
548,2
548,4
549,2
549,3
549,5
550,1
550,3
550,5
550,6
550,8
550,9
550,11
550,13
550,14
550,16
550,17
550,19
550,20
551,1
551,3
551,4
552,2
552,3
553,2
554,1
554,2
554,4
555,1
555,3
555,4
556,2
557,1
557,2
557,4
557,5
558,2
558,4
559,1
559,3
559,4
559,6
559,7
560,1
560,3
560,4
561,2
561,3
562,2
563,1
563,2
563,4
563,5
563,7
564,2
564,3
565,1
565,2
565,4
566,1
566,3
567,1
567,2
567,4
568,1
568,3
569,2
569,3
569,5
569,6
569,8
569,9
569,11
569,13
569,14
569,16
570,1
570,3
570,5
570,6
571,2
571,3
571,5
572,1
572,3
572,5
572,6
572,8
573,1
573,3
573,5
573,6
574,2
574,3
575,1
575,3
576,1
576,3
576,4
577,2
577,3
577,5
578,2
578,3
579,2
579,3
579,5
580,2
580,3
581,1
581,2
581,4
581,5
582,2
582,4
582,5
582,7
582,8
583,1
583,3
583,4
584,2
584,3
584,5
584,6
584,8
584,10
584,11
584,13
584,14
584,16
584,18
584,19
584,21
584,22
584,24
584,25
584,27
584,29
584,30
584,32
584,33
584,35
584,37
584,38
584,40
584,41
584,43
584,45
584,46
584,48
584,49
584,51
584,52
584,54
585,1
585,2
585,4
585,5
585,7
586,1
586,2
586,4
586,5
587,2
587,3
587,5
588,2
588,3
589,2
589,3
590,2
590,4
591,1
591,3
591,4
592,2
592,3
593,2
594,1
594,2
595,1
595,2
595,4
596,2
596,3
597,2
597,3
598,2
599,1
599,2
599,4
599,5
599,7
599,8
599,10
599,12
599,13
599,15
599,16
599,18
599,20
599,21
599,23
599,24
600,2
600,3
601,2
601,4
601,5
602,1
602,2
602,4
603,2
603,3
603,5
603,6
604,2
604,3
604,5
604,7
604,8
605,2
605,3
606,1
606,3
606,4
607,2
607,3
608,1
608,2
609,1
609,3
609,4
609,6
610,1
610,3
611,2
611,3
611,5
611,6
612,2
612,4
612,5
612,7
612,8
612,10
612,11
612,13
612,15
612,16
612,18
612,19
612,21
612,23
612,24
612,26
612,27
612,29
612,30
612,32
613,1
613,2
613,4
613,5
614,2
615,1
615,2
616,1
616,2
617,1
617,2
617,4
617,6
618,1
618,3
618,4
618,6
619,2
619,3
619,5
619,6
620,2
620,4
620,5
621,2
621,3
622,2
622,3
622,5
623,2
623,3
624,1
624,2
624,4
625,1
625,2
626,1
626,2
626,4
626,5
627,1
627,3
628,1
628,3
629,1
629,3
630,2
630,3
630,5
630,6
631,2
631,3
631,5
632,2
632,3
633,2
633,3
634,1
634,3
634,4
635,2
635,3
635,5
635,6
636,1
636,3
637,1
637,3
2,5
0,322
0,310
0,408
637,2
636,2
635,7
635,4
635,1
634,2
633,4
633,1
632,1
631,4
631,1
630,4
630,1
629,2
628,2
627,2
626,6
626,3
625,3
624,5
624,3
623,4
623,1
622,4
622,1
621,1
620,3
620,1
619,4
619,1
618,5
618,2
617,5
617,3
616,3
615,3
614,3
614,1
613,3
612,33
612,31
612,28
612,25
612,22
612,20
612,17
612,14
612,12
612,9
612,6
612,3
612,1
611,4
611,1
610,2
609,5
609,2
608,3
607,4
607,1
606,2
605,4
605,1
604,6
604,4
604,1
603,4
603,1
602,3
601,6
601,3
601,1
600,1
599,22
599,19
599,17
599,14
599,11
599,9
599,6
599,3
598,3
598,1
597,1
596,1
595,3
594,3
593,3
593,1
592,1
591,2
590,3
590,1
589,1
588,1
587,4
587,1
586,3
585,8
585,6
585,3
584,55
584,53
584,50
584,47
584,44
584,42
584,39
584,36
584,34
584,31
584,28
584,26
584,23
584,20
584,17
584,15
584,12
584,9
584,7
584,4
584,1
583,2
582,9
582,6
582,3
582,1
581,3
580,4
580,1
579,4
579,1
578,1
577,4
577,1
576,2
575,2
574,4
574,1
573,4
573,2
572,7
572,4
572,2
571,4
571,1
570,4
570,2
569,15
569,12
569,10
569,7
569,4
569,1
568,2
567,3
566,4
566,2
565,3
564,4
564,1
563,6
563,3
562,3
562,1
561,1
560,2
559,8
559,5
559,2
558,3
558,1
557,3
556,3
556,1
555,2
554,3
553,3
553,1
552,1
551,2
550,21
550,18
550,15
550,12
550,10
550,7
550,4
550,2
549,4
549,1
548,3
547,6
547,3
546,6
546,4
546,1
545,2
544,3
543,3
542,5
542,2
541,4
541,1
540,1
539,5
539,2
538,6
538,3
538,1
537,1
536,2
535,5
535,2
534,8
534,5
534,3
533,5
533,2
532,9
532,6
532,3
532,1
531,1
530,2
529,4
529,2
528,2
527,6
527,4
527,1
526,4
526,1
525,5
525,2
524,8
524,6
524,3
523,3
522,4
522,2
521,3
520,4
520,2
519,2
518,8
518,6
518,3
517,3
516,3
516,1
515,5
515,2
514,13
514,10
514,7
514,4
514,2
513,5
513,2
512,4
512,1
511,1
510,2
509,3
508,3
507,4
507,2
506,8
506,5
506,2
505,5
505,2
501,4
501,2
499,4
499,1
497,4
497,1
494,1
490,3
490,1
487,2
485,3
485,1
482,2
480,3
474,5
474,3
473,4
473,1
471,4
471,1
469,2
457,2
456,4
456,1
455,4
455,2
449,156
449,153
449,151
449,148
449,145
449,142
449,140
449,137
449,134
449,132
449,129
449,126
449,123
449,121
449,118
449,115
449,113
449,110
449,107
449,104
449,102
449,99
449,96
449,94
449,91
449,88
449,85
449,83
449,80
449,77
449,75
449,72
449,69
449,67
449,64
449,34
449,31
449,29
449,26
449,23
449,21
449,18
449,15
449,12
449,10
449,7
449,4
449,2
447,3
446,3
445,3
445,1
444,1
442,3
442,1
437,1
433,2
431,4
431,1
429,3
427,36
427,34
427,31
427,28
427,26
427,23
427,20
427,17
427,15
427,12
427,9
427,7
427,4
427,1
426,3
426,1
425,82
425,79
425,77
425,74
425,71
425,69
425,66
425,50
425,47
425,45
425,42
425,39
425,37
425,34
425,31
425,28
425,26
425,23
425,20
425,18
425,15
425,12
425,9
425,7
425,4
425,1
424,2
422,2
421,2
420,3
420,1
419,2
418,3
418,1
416,1
414,1
410,3
409,4
409,1
407,1
405,3
403,3
400,4
400,2
398,5
398,2
390,4
390,2
388,3
387,5
387,3
386,4
386,1
385,2
382,6
382,3
380,3
380,1
377,3
376,4
376,2
371,3
370,40
370,37
370,35
370,32
370,29
370,27
370,24
370,21
370,18
370,16
370,13
370,10
370,8
370,5
370,2
369,3
369,1
368,2
367,3
367,1
366,1
365,1
364,2
362,4
362,1
359,3
359,1
357,2
353,16
353,14
353,11
353,8
353,5
353,3
352,12
352,9
352,7
352,4
352,1
349,5
349,3
345,5
345,2
343,4
343,1
341,3
338,4
338,2
336,4
336,1
335,4
335,1
334,3
334,1
332,3
328,3
327,3
327,1
322,4
322,1
320,4
320,1
317,3
316,6
316,4
316,1
314,3
314,1
313,2
310,2
308,3
308,1
307,2
304,2
302,5
302,2
301,2
299,3
299,1
297,3
294,4
294,2
293,11
293,8
293,6
293,3
292,5
292,2
291,8
291,5
291,2
289,3
288,3
285,4
285,1
284,2
283,2
282,4
282,2
281,2
279,5
279,2
278,4
278,1
276,2
275,4
275,1
274,3
274,1
273,2
272,3
270,5
270,3
269,5
269,2
267,5
267,2
266,3
260,7
260,5
260,2
258,5
258,3
159,5
159,2
149,4
149,2
145,5
145,2
121,4
121,1
71,2
5,4
2,26
2,20
2,17
2,15
2,12
2,8
2,6
0,693
0,674
0,658
0,654
0,652
0,648
0,578
0,577
0,576
0,559
0,554
0,553
0,552
0,551
0,550
0,548
0,536
3,1
0,535
3,3
0,528
0,518
0,515
0,510
0,509
0,508
0,507
0,504
0,503
0,501
0,497
0,496
0,487
0,486
0,484
0,483
2,24
0,482
0,651
0,479
1,4
2,21
2,11
0,478
2,28
0,656
0,474
0,470
0,466
1,1
0,465
1,5
0,464
1,3
0,655
0,463
0,307
0,661
0,649
2,1
2,23
2,3
0,9
632,0
633,0
636,0
634,0
635,0
637,0
0,653
0,670
0,666
505,0
501,0
499,0
497,0
629,0
628,0
627,0
625,0
623,0
480,0
620,0
617,0
616,0
615,0
613,0
610,0
607,0
605,0
456,0
602,0
600,0
598,0
445,0
442,0
595,0
437,0
590,0
589,0
429,0
426,0
424,0
421,0
418,0
584,0
414,0
410,0
580,0
407,0
578,0
576,0
149,0
574,0
572,0
568,0
390,0
387,0
565,0
380,0
562,0
561,0
121,0
371,0
368,0
365,0
0,368
0,238
0,685
0,477
0,237
0,541
0,366
0,236
0,423
0,365
0,235
0,520
0,364
0,234
0,443
0,684
0,233
0,476
0,422
0,232
0,442
0,361
0,231
0,396
0,441
0,230
0,391
0,360
0,229
0,677
0,359
0,228
0,662
0,227
0,657
0,357
0,226
0,683
0,516
0,225
0,512
0,356
0,224
0,671
0,472
0,223
0,665
0,354
0,222
0,438
0,514
0,221
0,664
0,645
0,346
0,220
0,439
0,351
0,219
0,469
0,388
0,218
0,669
0,350
0,217
0,676
0,537
0,216
0,555
0,348
0,215
0,434
0,540
0,214
0,433
0,660
0,213
0,468
0,345
0,212
0,400
0,430
0,211
0,659
0,344
0,210
0,495
0,343
0,209
0,395
0,522
0,208
0,397
0,341
0,207
0,558
0,340
0,206
0,417
0,339
0,205
0,641
0,338
0,204
0,467
0,337
0,203
0,643
0,336
0,202
0,533
0,673
0,201
0,538
0,429
0,200
0,534
0,334
0,199
0,526
0,333
0,198
0,531
0,332
0,197
0,428
0,451
0,196
0,427
0,416
0,195
0,530
0,521
0,194
0,703
0,426
0,193
0,702
0,328
0,192
0,494
0,327
0,63
0,493
0,326
0,62
0,701
0,325
0,61
0,394
0,425
0,60
0,342
0,324
0,59
0,519
0,323
0,58
0,640
0,321
0,57
0,335
0,320
0,56
0,700
0,319
0,55
0,406
0,318
0,54
0,492
0,682
0,53
0,437
0,424
0,52
0,392
0,315
0,51
0,517
0,542
0,50
0,404
0,313
0,49
0,678
0,402
0,48
0,699
0,529
0,47
0,436
0,309
0,46
0,698
0,306
0,45
0,390
0,301
0,6
0,5
0,1
0,549
0,11
0,4
0,2
0,3
0,7
